test_graph_00
---------------------

Marginal:
[0.59340935 0.40659065]
[0.65750727 0.34249273]
[0.28607701 0.71392299]
[0.44140497 0.55859503]
[0.24364857 0.75635143]
[0.30642251 0.69357749]
[0.52129337 0.47870663]

MAP:
(0, 0, 1, 1, 1, 1, 1)


test_graph_01
---------------------

Marginal:
[0.49984624 0.30085838 0.19929539]
[0.46303811 0.27762848 0.25933341]
[0.43571249 0.1350495  0.42923801]
[0.45298132 0.40297692 0.14404176]
[0.2924379  0.57915853 0.12840357]
[0.4314675  0.32038849 0.24814401]
[0.31668636 0.40477142 0.27854222]

MAP:
(0, 1, 0, 0, 1, 0, 1)


test_graph_02
---------------------

Marginal:
[0.24378877 0.09048182 0.17733291 0.27498689 0.21340961]
[0.28048405 0.18817785 0.23192008 0.14631845 0.15309957]

MAP:
(3, 2)



test_graph_03
---------------------

Marginal:
[0.16039272 0.19335443 0.10559094 0.30987694 0.23078497]
[0.34852589 0.17117067 0.14783103 0.10957577 0.22289664]
[0.28536291 0.08928781 0.23701556 0.13045284 0.25788088]
[0.16360339 0.08226446 0.15658034 0.42559981 0.17195199]
[0.31016367 0.30824891 0.12118036 0.11459472 0.14581233]
[0.36456976 0.15236578 0.23992887 0.10796145 0.13517414]
[0.15720933 0.22258349 0.29452921 0.06511848 0.2605595 ]
[0.12339438 0.31618253 0.22342969 0.22897615 0.10801725]

MAP:
(3, 0, 0, 3, 0, 0, 2, 1)


test_graph_04
---------------------
Marginal:
[0.17641707 0.30999913 0.13629117 0.1454858  0.23180683]
[0.20765006 0.09178873 0.23449368 0.1197414  0.34632613]
[0.09727172 0.17874251 0.17671064 0.13650156 0.41077358]
[0.17814011 0.1382515  0.26832603 0.15746657 0.25781579]
[0.284769   0.28248654 0.1666464  0.12054918 0.14554888]
[0.32810367 0.19757427 0.1330467  0.12911843 0.21215694]
[0.06924597 0.27219728 0.15693623 0.2841744  0.21744613]

MAP:
(1, 2, 4, 4, 2, 0, 3)
